0 1 1 0
0 2 7 0
0 3 9 0
0 4 10 0
0 5 8 0
0 6 11 0
0 7 2 0
0 8 5 0
0 9 3 0
0 10 4 0
0 11 6 0
0 12 12 0
1 0 0 1
1 0 0 12
1 0 1 12
1 0 2 12
1 0 3 12
1 0 4 12
1 0 5 12
1 0 6 12
1 0 7 12
1 0 8 12
1 0 9 12
1 0 10 12
1 0 11 12
1 0 12 12
1 1 0 12
1 2 0 12
1 3 0 12
1 4 0 12
1 5 0 12
1 6 0 12
1 7 0 12
1 8 0 12
1 9 0 12
1 10 0 12
1 11 0 12
1 12 0 12
2 1 10 11
2 2 5 11
2 3 12 11
2 4 9 11
2 5 2 11
2 6 6 11
2 7 7 11
2 8 11 11
2 9 4 11
2 10 1 11
2 11 8 11
2 12 3 11
3 1 5 10
3 2 9 10
3 3 6 10
3 4 11 10
3 5 1 10
3 6 3 10
3 7 10 10
3 8 12 10
3 9 2 10
3 10 7 10
3 11 4 10
3 12 8 10
4 1 11 9
4 2 12 9
4 3 8 9
4 4 6 9
4 5 10 9
4 6 4 9
4 7 9 9
4 8 3 9
4 9 7 9
4 10 5 9
4 11 1 9
4 12 2 9
5 1 2 8
5 2 1 8
5 3 5 8
5 4 7 8
5 5 3 8
5 6 9 8
5 7 4 8
5 8 10 8
5 9 6 8
5 10 8 8
5 11 12 8
5 12 11 8
6 1 4 7
6 2 2 7
6 3 10 7
6 4 1 7
6 5 6 7
6 6 5 7
6 7 8 7
6 8 7 7
6 9 12 7
6 10 3 7
6 11 11 7
6 12 9 7
7 1 4 6
7 2 2 6
7 3 10 6
7 4 1 6
7 5 6 6
7 6 5 6
7 7 8 6
7 8 7 6
7 9 12 6
7 10 3 6
7 11 11 6
7 12 9 6
8 1 2 5
8 2 1 5
8 3 5 5
8 4 7 5
8 5 3 5
8 6 9 5
8 7 4 5
8 8 10 5
8 9 6 5
8 10 8 5
8 11 12 5
8 12 11 5
9 1 11 4
9 2 12 4
9 3 8 4
9 4 6 4
9 5 10 4
9 6 4 4
9 7 9 4
9 8 3 4
9 9 7 4
9 10 5 4
9 11 1 4
9 12 2 4
10 1 5 3
10 2 9 3
10 3 6 3
10 4 11 3
10 5 1 3
10 6 3 3
10 7 10 3
10 8 12 3
10 9 2 3
10 10 7 3
10 11 4 3
10 12 8 3
11 1 10 2
11 2 5 2
11 3 12 2
11 4 9 2
11 5 2 2
11 6 6 2
11 7 7 2
11 8 11 2
11 9 4 2
11 10 1 2
11 11 8 2
11 12 3 2
12 0 0 1
12 0 0 12
12 0 1 1
12 0 2 1
12 0 3 1
12 0 4 1
12 0 5 1
12 0 6 1
12 0 7 1
12 0 8 1
12 0 9 1
12 0 10 1
12 0 11 1
12 0 12 1
12 1 0 1
12 2 0 1
12 3 0 1
12 4 0 1
12 5 0 1
12 6 0 1
12 7 0 1
12 8 0 1
12 9 0 1
12 10 0 1
12 11 0 1
12 12 0 1
