0 1 1 0
0 3 9 0
0 5 21 0
0 7 15 0
0 9 3 0
0 11 19 0
0 15 7 0
0 17 23 0
0 19 11 0
0 21 5 0
0 23 17 0
0 25 25 0
1 0 0 1
1 0 0 25
1 0 1 25
1 0 2 25
1 0 3 25
1 0 4 25
1 0 5 25
1 0 6 25
1 0 7 25
1 0 8 25
1 0 9 25
1 0 10 25
1 0 11 25
1 0 12 25
1 0 13 1
1 0 13 25
1 0 14 25
1 0 15 25
1 0 16 25
1 0 17 25
1 0 18 25
1 0 19 25
1 0 20 25
1 0 21 25
1 0 22 25
1 0 23 25
1 0 24 25
1 0 25 25
1 1 0 25
1 2 0 25
1 2 13 25
1 3 0 25
1 4 0 25
1 4 13 25
1 5 0 25
1 6 0 25
1 6 13 25
1 7 0 25
1 8 0 25
1 8 13 25
1 9 0 25
1 10 0 25
1 10 13 25
1 11 0 25
1 12 0 25
1 12 13 25
1 13 0 1
1 13 0 25
1 13 2 25
1 13 4 25
1 13 6 25
1 13 8 25
1 13 10 25
1 13 12 25
1 13 14 25
1 13 16 25
1 13 18 25
1 13 20 25
1 13 22 25
1 13 24 25
1 14 0 25
1 14 13 25
1 15 0 25
1 16 0 25
1 16 13 25
1 17 0 25
1 18 0 25
1 18 13 25
1 19 0 25
1 20 0 25
1 20 13 25
1 21 0 25
1 22 0 25
1 22 13 25
1 23 0 25
1 24 0 25
1 24 13 25
1 25 0 25
2 1 23 24
2 3 25 24
2 5 15 24
2 7 7 24
2 9 17 24
2 11 21 24
2 15 5 24
2 17 9 24
2 19 19 24
2 21 11 24
2 23 1 24
2 25 3 24
3 1 18 23
3 2 9 23
3 2 22 23
3 3 6 23
3 4 11 23
3 4 24 23
3 5 14 23
3 6 3 23
3 6 16 23
3 7 10 23
3 8 12 23
3 8 25 23
3 9 2 23
3 10 7 23
3 10 20 23
3 11 4 23
3 12 8 23
3 12 21 23
3 14 5 23
3 14 18 23
3 15 22 23
3 16 6 23
3 16 19 23
3 17 24 23
3 18 1 23
3 18 14 23
3 19 16 23
3 20 10 23
3 20 23 23
3 21 12 23
3 22 2 23
3 22 15 23
3 23 20 23
3 24 4 23
3 24 17 23
3 25 8 23
4 1 11 22
4 3 21 22
4 5 23 22
4 7 9 22
4 9 7 22
4 11 1 22
4 15 25 22
4 17 19 22
4 19 17 22
4 21 3 22
4 23 5 22
4 25 15 22
5 1 2 21
5 2 1 21
5 2 14 21
5 3 18 21
5 4 7 21
5 4 20 21
5 5 16 21
5 6 9 21
5 6 22 21
5 7 4 21
5 8 10 21
5 8 23 21
5 9 6 21
5 10 8 21
5 10 21 21
5 11 12 21
5 12 11 21
5 12 24 21
5 14 2 21
5 14 15 21
5 15 14 21
5 16 5 21
5 16 18 21
5 17 20 21
5 18 3 21
5 18 16 21
5 19 22 21
5 20 4 21
5 20 17 21
5 21 10 21
5 22 6 21
5 22 19 21
5 23 8 21
5 24 12 21
5 24 25 21
5 25 24 21
6 1 17 20
6 3 23 20
6 5 19 20
6 7 21 20
6 9 25 20
6 11 11 20
6 15 15 20
6 17 1 20
6 19 5 20
6 21 7 20
6 23 3 20
6 25 9 20
7 1 4 19
7 2 2 19
7 2 15 19
7 3 10 19
7 4 1 19
7 4 14 19
7 5 6 19
7 6 5 19
7 6 18 19
7 7 8 19
7 8 7 19
7 8 20 19
7 9 12 19
7 10 3 19
7 10 16 19
7 11 24 19
7 12 9 19
7 12 22 19
7 14 4 19
7 14 17 19
7 15 2 19
7 16 10 19
7 16 23 19
7 17 14 19
7 18 6 19
7 18 19 19
7 19 18 19
7 20 8 19
7 20 21 19
7 21 20 19
7 22 12 19
7 22 25 19
7 23 16 19
7 24 11 19
7 24 24 19
7 25 22 19
8 1 15 18
8 3 5 18
8 5 3 18
8 7 17 18
8 9 19 18
8 11 25 18
8 15 1 18
8 17 7 18
8 19 9 18
8 21 23 18
8 23 21 18
8 25 11 18
9 1 24 17
9 2 12 17
9 2 25 17
9 3 8 17
9 4 6 17
9 4 19 17
9 5 10 17
9 6 4 17
9 6 17 17
9 7 22 17
9 8 3 17
9 8 16 17
9 9 20 17
9 10 5 17
9 10 18 17
9 11 14 17
9 12 2 17
9 12 15 17
9 14 11 17
9 14 24 17
9 15 12 17
9 16 8 17
9 16 21 17
9 17 6 17
9 18 10 17
9 18 23 17
9 19 4 17
9 20 9 17
9 20 22 17
9 21 16 17
9 22 7 17
9 22 20 17
9 23 18 17
9 24 1 17
9 24 14 17
9 25 2 17
10 1 5 16
10 3 19 16
10 5 1 16
10 7 23 16
10 9 15 16
10 11 17 16
10 15 9 16
10 17 11 16
10 19 3 16
10 21 25 16
10 23 7 16
10 25 21 16
11 1 10 15
11 2 5 15
11 2 18 15
11 3 12 15
11 4 9 15
11 4 22 15
11 5 2 15
11 6 6 15
11 6 19 15
11 7 20 15
11 8 11 15
11 8 24 15
11 9 4 15
11 10 1 15
11 10 14 15
11 11 8 15
11 12 3 15
11 12 16 15
11 14 10 15
11 14 23 15
11 15 18 15
11 16 12 15
11 16 25 15
11 17 22 15
11 18 2 15
11 18 15 15
11 19 6 15
11 20 7 15
11 20 20 15
11 21 24 15
11 22 4 15
11 22 17 15
11 23 14 15
11 24 8 15
11 24 21 15
11 25 16 15
12 1 13 14
12 3 13 14
12 5 13 14
12 7 13 14
12 9 13 14
12 11 13 14
12 13 1 14
12 13 3 14
12 13 5 14
12 13 7 14
12 13 9 14
12 13 11 14
12 13 13 12
12 13 13 14
12 13 15 14
12 13 17 14
12 13 19 14
12 13 21 14
12 13 23 14
12 13 25 14
12 15 13 14
12 17 13 14
12 19 13 14
12 21 13 14
12 23 13 14
12 25 13 14
13 1 14 13
13 2 7 13
13 2 20 13
13 3 22 13
13 4 10 13
13 4 23 13
13 5 8 13
13 6 11 13
13 6 24 13
13 7 2 13
13 8 5 13
13 8 18 13
13 9 16 13
13 10 4 13
13 10 17 13
13 11 6 13
13 12 12 13
13 12 25 13
13 14 1 13
13 14 14 13
13 15 20 13
13 16 9 13
13 16 22 13
13 17 10 13
13 18 8 13
13 18 21 13
13 19 24 13
13 20 2 13
13 20 15 13
13 21 18 13
13 22 3 13
13 22 16 13
13 23 4 13
13 24 6 13
13 24 19 13
13 25 12 13
14 1 13 12
14 3 13 12
14 5 13 12
14 7 13 12
14 9 13 12
14 11 13 12
14 13 1 12
14 13 3 12
14 13 5 12
14 13 7 12
14 13 9 12
14 13 11 12
14 13 13 12
14 13 13 14
14 13 15 12
14 13 17 12
14 13 19 12
14 13 21 12
14 13 23 12
14 13 25 12
14 15 13 12
14 17 13 12
14 19 13 12
14 21 13 12
14 23 13 12
14 25 13 12
15 1 10 11
15 2 5 11
15 2 18 11
15 3 12 11
15 4 9 11
15 4 22 11
15 5 2 11
15 6 6 11
15 6 19 11
15 7 20 11
15 8 11 11
15 8 24 11
15 9 4 11
15 10 1 11
15 10 14 11
15 11 8 11
15 12 3 11
15 12 16 11
15 14 10 11
15 14 23 11
15 15 18 11
15 16 12 11
15 16 25 11
15 17 22 11
15 18 2 11
15 18 15 11
15 19 6 11
15 20 7 11
15 20 20 11
15 21 24 11
15 22 4 11
15 22 17 11
15 23 14 11
15 24 8 11
15 24 21 11
15 25 16 11
16 1 5 10
16 3 19 10
16 5 1 10
16 7 23 10
16 9 15 10
16 11 17 10
16 15 9 10
16 17 11 10
16 19 3 10
16 21 25 10
16 23 7 10
16 25 21 10
17 1 24 9
17 2 12 9
17 2 25 9
17 3 8 9
17 4 6 9
17 4 19 9
17 5 10 9
17 6 4 9
17 6 17 9
17 7 22 9
17 8 3 9
17 8 16 9
17 9 20 9
17 10 5 9
17 10 18 9
17 11 14 9
17 12 2 9
17 12 15 9
17 14 11 9
17 14 24 9
17 15 12 9
17 16 8 9
17 16 21 9
17 17 6 9
17 18 10 9
17 18 23 9
17 19 4 9
17 20 9 9
17 20 22 9
17 21 16 9
17 22 7 9
17 22 20 9
17 23 18 9
17 24 1 9
17 24 14 9
17 25 2 9
18 1 15 8
18 3 5 8
18 5 3 8
18 7 17 8
18 9 19 8
18 11 25 8
18 15 1 8
18 17 7 8
18 19 9 8
18 21 23 8
18 23 21 8
18 25 11 8
19 1 4 7
19 2 2 7
19 2 15 7
19 3 10 7
19 4 1 7
19 4 14 7
19 5 6 7
19 6 5 7
19 6 18 7
19 7 8 7
19 8 7 7
19 8 20 7
19 9 12 7
19 10 3 7
19 10 16 7
19 11 24 7
19 12 9 7
19 12 22 7
19 14 4 7
19 14 17 7
19 15 2 7
19 16 10 7
19 16 23 7
19 17 14 7
19 18 6 7
19 18 19 7
19 19 18 7
19 20 8 7
19 20 21 7
19 21 20 7
19 22 12 7
19 22 25 7
19 23 16 7
19 24 11 7
19 24 24 7
19 25 22 7
20 1 17 6
20 3 23 6
20 5 19 6
20 7 21 6
20 9 25 6
20 11 11 6
20 15 15 6
20 17 1 6
20 19 5 6
20 21 7 6
20 23 3 6
20 25 9 6
21 1 2 5
21 2 1 5
21 2 14 5
21 3 18 5
21 4 7 5
21 4 20 5
21 5 16 5
21 6 9 5
21 6 22 5
21 7 4 5
21 8 10 5
21 8 23 5
21 9 6 5
21 10 8 5
21 10 21 5
21 11 12 5
21 12 11 5
21 12 24 5
21 14 2 5
21 14 15 5
21 15 14 5
21 16 5 5
21 16 18 5
21 17 20 5
21 18 3 5
21 18 16 5
21 19 22 5
21 20 4 5
21 20 17 5
21 21 10 5
21 22 6 5
21 22 19 5
21 23 8 5
21 24 12 5
21 24 25 5
21 25 24 5
22 1 11 4
22 3 21 4
22 5 23 4
22 7 9 4
22 9 7 4
22 11 1 4
22 15 25 4
22 17 19 4
22 19 17 4
22 21 3 4
22 23 5 4
22 25 15 4
23 1 18 3
23 2 9 3
23 2 22 3
23 3 6 3
23 4 11 3
23 4 24 3
23 5 14 3
23 6 3 3
23 6 16 3
23 7 10 3
23 8 12 3
23 8 25 3
23 9 2 3
23 10 7 3
23 10 20 3
23 11 4 3
23 12 8 3
23 12 21 3
23 14 5 3
23 14 18 3
23 15 22 3
23 16 6 3
23 16 19 3
23 17 24 3
23 18 1 3
23 18 14 3
23 19 16 3
23 20 10 3
23 20 23 3
23 21 12 3
23 22 2 3
23 22 15 3
23 23 20 3
23 24 4 3
23 24 17 3
23 25 8 3
24 1 23 2
24 3 25 2
24 5 15 2
24 7 7 2
24 9 17 2
24 11 21 2
24 15 5 2
24 17 9 2
24 19 19 2
24 21 11 2
24 23 1 2
24 25 3 2
25 0 0 1
25 0 0 25
25 0 1 1
25 0 2 1
25 0 3 1
25 0 4 1
25 0 5 1
25 0 6 1
25 0 7 1
25 0 8 1
25 0 9 1
25 0 10 1
25 0 11 1
25 0 12 1
25 0 13 1
25 0 13 25
25 0 14 1
25 0 15 1
25 0 16 1
25 0 17 1
25 0 18 1
25 0 19 1
25 0 20 1
25 0 21 1
25 0 22 1
25 0 23 1
25 0 24 1
25 0 25 1
25 1 0 1
25 2 0 1
25 2 13 1
25 3 0 1
25 4 0 1
25 4 13 1
25 5 0 1
25 6 0 1
25 6 13 1
25 7 0 1
25 8 0 1
25 8 13 1
25 9 0 1
25 10 0 1
25 10 13 1
25 11 0 1
25 12 0 1
25 12 13 1
25 13 0 1
25 13 0 25
25 13 2 1
25 13 4 1
25 13 6 1
25 13 8 1
25 13 10 1
25 13 12 1
25 13 14 1
25 13 16 1
25 13 18 1
25 13 20 1
25 13 22 1
25 13 24 1
25 14 0 1
25 14 13 1
25 15 0 1
25 16 0 1
25 16 13 1
25 17 0 1
25 18 0 1
25 18 13 1
25 19 0 1
25 20 0 1
25 20 13 1
25 21 0 1
25 22 0 1
25 22 13 1
25 23 0 1
25 24 0 1
25 24 13 1
25 25 0 1
